.11
.2
.31
.4
.401
.402
.403
.404
.44
.46
.5
.6
.7
.81
.83
.84
.85
1
1.1
1.11
1.12
1.13
1.2
1.521
1.52101
1.5211
1.5212
1.5213
1.5214
1.5215
1.5216
1.5217
1.5218
1.5219
1.52191
1.52192
2
3.05
3.07
3.075
3.076
3.077
3.081
3.083
3.084
3.1
3.2
3.22
3.23
3.4
3.5
3.51
3.519
3.54
3.6
3.7
3.73
3.8
3.816
3.9
4
4.001
4.005
4.009
4.05
4.1
4.11
4.2
4.281
4.2995
4.2996
4.2997
4.2998
4.2999
4.3
4.4
4.5
4.501
4.6
5
5.1
5.11
5.12
5.13
7
7.1
8
8.1
8.2
9.2
9.4
9.6
9.7
9.8
9.9
9.95
10
10.2
10.3
11
13
14.4
14.5
14.6
14.7
14.71
14.72
14.8
15
15.1
15.2
15.3
15.4
18.01
18.02
18.03
18.04
18.05
18.12
18.13
19
19.081
19.1
19.2
19.8
20
21
22
23
25
26.11
26.12
26.13
26.14
26.15
26.16
26.17
26.18
26.19
26.21
27.11
27.12
27.14
27.15
27.16
27.17
28.11
29.11
30
31
34
35
35.1
35.2
36
37
38.1
38.5
38.6
39.1
39.2
39.3
39.4
39.6
39.7
40.1
40.15
40.5
40.7
40.8
40.9
41.1
41.41
41.42
41.43
41.9
42
42.4
42.5
42.55
42.6
42.7
43
43.1
43.11
43.4
43.5
43.61
43.7
44
44.3
45
45.1
45.2
45.3
45.4
45.5
45.6
45.61
45.62
45.64
45.68
45.7
45.81
45.82
45.83
45.84
45.85
45.86
45.87
45.88
45.89
45.9
45.91
46
46.1
46.11
46.12
46.13
46.14
47
48
48.5
49
50
50.073
50.0731
50.0732
50.0733
50.2
50.3
50.35
50.4
50.416
50.6
50.605
50.606
50.607
50.608
50.609
50.612
50.621
50.622
50.623
50.624
50.625
50.626
50.627
50.64
50.67
50.68
50.7
50.8
50.9
51
51.1
51.15
51.2
51.23
51.24
51.5
51.7
52
52.11
52.4
52.41
52.43
52.5
52.51
52.52
52.6
52.7
52.8
52.85
52.86
52.87
52.9
52.91
52.92
53
53.1
53.2
53.3
53.4
53.41
53.42
53.43
53.44
53.45
53.46
53.5
53.55
53.66
53.68
53.69
53.7
53.71
53.77
53.78
53.79
54
55
55.95
56
57.1
57.5
57.6
57.7
57.8
58.1
58.16
58.17
58.19
58.2
58.3
58.35
58.36
58.5
58.8
58.81
58.811
58.812
58.82
58.83
58.84
58.85
58.86
58.87
58.88
58.89
59
59.1
59.12
59.2
59.3
59.4
59.5
59.6
59.7
59.73
59.74
59.8
59.9
60
61
61.1
61.2
61.3
61.38
61.39
61.4
61.5
61.6
62
62.05
62.06
62.07
62.1
62.2
62.3
62.4
62.48
62.485
62.487
62.49
62.5
62.55
62.6
62.8
62.85
62.9
62.91
62.92
62.93
63
63.9999
64
64.03
64.036
64.05
64.061
64.062
64.1
64.19999
64.2
64.21
64.22
64.3
64.5
64.6
64.7
64.81
65
65.4
65.5
65.9
66
66.2
66.5
66.9
67
67.1
67.2
67.3
67.4
67.9
67.99999
68
68.2
68.4
69
69.1
69.2
69.4
69.5
69.51
69.6
69.9
69.91
70
70.2
71
71.1
71.2
71.3
71.4
71.5
71.6
71.7
71.8
71.9
72
73.1
73.2
74
74.1
74.2
74.3
74.4
75.1
75.2
78.1
78.2
78.3
78.4
78.6
78.7
79
79.1
79.2
79.3
79.7
80
80.1
80.2
80.3
80.7
80.8
80.9
81
81.1
81.2
81.3
90
95
95.11
95.3
95.31
99
100
100.01
100.02
100.03
100.05
100.1
100.2
100.21
100.22
100.23
100.24
100.4
100.5
100.6
100.8
100.9
100.98
100.99
101
101.13
101.15
101.24
101.3
101.41
101.42
101.43
101.44
102.21
102.22
102.23
102.24
102.3
102.4
103
104
104.1
104.2
104.3
111
111.1
112
112.2
112.6
113
113.1
113.2
114
114.1
114.2
114.3
114.4
115
115.2
115.3
115.4
115.5
115.6
115.7
116
116.1
116.2
116.3
117
117.1
117.2
117.3
117.4
118
118.1
118.2
118.3
119
119.1
119.4
119.5
119.6
119.71
119.72
119.73
119.74
119.8
119.9
120.5
120.51
120.52
120.53
120.55
120.57
120.8
120.82
120.83
120.84
120.85
120.86
120.87
123
123.1
123.3
123.5
123.6
123.9
124.1
124.2
124.25
124.3
125
125.1
125.11
125.12
125.8
125.99
126
126.56
126.58
126.6
126.7
126.72
126.74
126.76
126.8
126.9
126.95
130
131
131.01
131.25
131.6
131.7
131.8
131.9
132
132.05
132.4
132.8
132.9
132.95
133
133.2
133.4
133.6
133.7
133.8
134
135
135.1
135.2
135.3
135.4
136
136.5
137
137.45
138
139.2
139.5
142
142.1
142.5
142.98
142.99
150.1
150.2
150.9
154
154.01
154.03
154.1
154.11
154.12
154.2
154.3
154.7
154.8
154.91
154.92
154.991
160
160.1
160.12
160.14
160.15
160.16
160.17
160.19
160.2
160.3
160.4
160.6
161
161.2
161.21
161.22
161.23
161.25
161.26
161.27
161.3
161.4
161.45
161.5
161.6
161.7
161.8
161.81
161.82
161.83
161.91
161.92
161.93
162
162.1
162.2
162.3
162.4
162.5
162.6
162.7
162.8
162.91
162.92
162.93
162.94
162.95
162.96
162.97
162.98
162.99
163.5
163.7
163.85
163.99
164
164.08
164.1
164.14
164.15
164.17
164.18
164.2
164.3
164.33
164.4
164.42
164.43
164.45
164.46
164.5
164.52
164.6
164.7
164.8
164.9
165
165.1
165.2
165.3
165.5
165.55
165.59
166
166.12
166.13
166.3
167
168
169
169.3
169.99
183
183.2
183.3
183.4
190
190.1
190.2
190.3
194.2
194.3
194.4
194.5
195.1
195.2
195.3
195.4
195.6
195.9
200
201
210
211.1
211.2
211.3
211.4
211.5
211.6
211.7
211.8
211.9
212.1
212.2
212.3
212.4
212.42
212.6
212.7
213.2
213.3
213.4
213.5
213.9
214
214.6
214.7
216.8
217
217.1
217.2
217.3
219.7
220
220.2
220.3
220.4
220.5
220.51
220.52
220.6
221
222
223
224
225
226
230
230.1
231.7
231.8
231.9
233.1
233.2
301.5
301.6
301.61
301.62
301.63
301.7
301.9
301.91
301.92
301.93
301.94
340
341
341.1
342
342.1
342.2
342.3
343
344
344.1
344.2
344.3
344.31
344.4
344.49
344.5
347
347.1
347.3
347.4
348
348.1
348.2
348.4
349
349.1
349.2
349.3
349.4
349.7
349.8
349.9
350
350.1
350.2
350.21
350.3
350.4
350.41
350.5
350.6
350.7
350.71
350.8
350.9
351
351.1
351.2
351.5
351.51
351.52
351.53
351.6
351.61
351.62
351.67
351.7
351.701
351.71
351.73
351.81
351.9
351.91
352.1
352.2
352.3
352.4
352.5
353
353.1
353.2
353.3
354
354.1
354.2
354.3
354.4
354.5
354.6
354.7
354.71
354.75
355.1
355.12
355.13
355.2
355.3
355.31
355.32
355.33
355.34
355.4
355.5
355.6
355.7
355.8
355.81
355.82
355.9
355.91
355.92
355.93
355.95
355.96
355.97
356
356.1
356.11
356.19
356.2
356.21
356.25
356.3
356.399
356.4
356.5
356.6
356.7
356.8
356.85
356.9
356.91
356.93
356.94
357
357.08
357.09
357.1
357.2
357.3
357.4
357.5
357.6
357.69
357.7
357.8
357.91
357.92
357.93
357.94
357.95
357.96
357.97
357.98
357.99
358
358.1
358.2
358.3
358.4
358.5
358.6
358.7
358.8
358.91
358.93
358.94
358.98
358.99
359
359.1
359.2
359.3
359.94
361
361.1
361.2
361.3
361.4
362.1
362.3
362.4
362.5
363
363.1
363.2
363.21
363.3
363.31
363.32
363.33
363.34
364
364.1
364.2
364.3
364.4
364.5
364.6
364.7
365
365.011
365.012
365.013
365.014
365.015
365.016
365.017
365.018
365.021
365.022
365.023
365.024
365.025
365.026
365.027
365.028
365.1
365.11
365.12
365.13
365.14
365.15
366.01
366.02
366.03
366.11
366.12
366.13
366.14
366.15
366.16
372
373
375
389.9
390
391
391.1
391.23
391.31
391.71
391.72
391.91
391.92
391.98
391.984
391.99
392
392.1
392.2
392.3
392.31
392.4
393
393.1
393.2
393.3
393.41
394
394.1
394.2
394.3
394.4
394.61
394.62
394.71
394.72
394.73
394.81
394.82
394.83
394.84
394.85
394.86
394.87
394.88
395
395.1
395.2
395.3
395.4
395.5
395.7
396
396.1
396.15
396.17
396.18
396.2
396.3
396.4
396.5
396.6
396.7
396.94
396.95
399
399.1
399.2
399.3
399.4
399.5
403.35
403.43
403.44
403.46
403.47
403.5
403.51
403.52
403.53
403.54
403.55
403.56
404.41
404.42
404.43
404.44
404.45
404.46
404.471
404.472
404.48
404.49
404.51
404.52
404.53
404.56
404.57
404.58
404.59
404.91
404.92
404.93
404.94
404.95
404.98
405
405.1
405.2
405.3
405.4
405.5
405.6
406.41
407.5
407.6
407.7
408
408.11
408.12
408.13
408.21
408.22
408.31
408.32
408.33
408.34
408.41
408.42
409.1
409.2
409.3
409.31
409.32
409.35
409.36
409.39
409.41
409.42
409.43
409.44
409.45
409.48
409.5
409.55
409.6
409.61
409.62
409.63
409.64
409.65
409.66
409.67
409.68
409.73
409.74
409.75
409.76
409.77
409.91
409.92
409.95
409.96
410
410.1
410.2
410.3
410.4
410.5
410.6
410.7
410.8
410.9
411
411.2
411.3
411.4
411.5
413
413.1
413.2
413.3
413.4
413.5
413.7
414.02
414.03
414.04
417
417.1
420
420.1
420.13
420.131
420.132
420.133
420.134
420.135
420.136
420.137
420.138
420.14
420.141
420.15
420.16
420.17
420.18
420.19
420.1999
420.2
420.3
420.4
420.5
420.51
420.52
420.53
420.54
420.55
420.6
420.7
420.8
420.9
420.92
420.96
420.97
420.98
420.99
420.9999
421
421.1
421.2
421.3
421.4
421.5
421.6
421.7
421.8
421.9
422
422.2
423
423.4
423.5
423.6
423.9
424
424.1
430
430.2
430.3
430.6
430.8
433
440
440.2
440.3
440.5
440.6
440.7
440.8
441
441.2
441.3
441.4
441.6
441.7
442
442.2
442.3
442.4
442.5
442.6
442.7
442.8
442.9
443
443.1
443.2
443.3
443.4
443.5
443.6
443.75
443.76
443.8
443.9
444
444.1
444.2
444.21
444.3
444.4
445
445.1
445.2
445.3
445.4
445.5
445.6
445.7
445.8
446
446.1
446.4
446.5
446.6
446.7
447
447.1
450
450.11
450.12
452
452.1
452.2
452.3
452.4
452.5
452.51
452.6
452.7
452.8
452.9
453
454
454.1
455.1
455.5
456
457.1
457.2
457.3
457.4
457.5
457.6
458
458.1
458.2
458.3
458.4
458.5
458.6
458.7
458.8
459
470
470.1
470.2
470.3
470.4
470.5
470.6
470.9
538
550
550.1
550.2
552
552.1
552.2
552.3
552.4
552.5
553
553.1
554
555
577
577.4
579.1
579.2
579.3
579.5
579.6
600.7
601
601.2
601.3
601.4
601.6
601.71
601.72
601.73
601.74
601.75
601.751
601.76
601.77
601.78
601.781
601.79
601.81
601.82
601.83
601.84
601.85
601.86
601.87
601.88
601.89
601.91
601.92
601.93
601.94
602
603.01
603.02
603.03
603.04
604
604.26
604.3
604.4
604.45
604.48
604.5
604.55
604.66
604.68
604.77
604.8
605
615
615.2
615.5
615.6
615.7
615.8
615.9
617
618
618.2
618.4
620
624
625
627
627.5
627.7
627.8
627.9
627.99
628
631
631.1
631.2
631.3
631.4
631.5
631.6
631.7
631.8
631.9
632
633
633.1
633.2
634
634.1
634.2
634.3
634.4
634.5
634.6
634.7
650
650.1
651
652
653
655
655.2
655.201
655.202
655.203
656
660
660.1
660.2
661
661.1
661.11
661.2
661.3
661.4
661.41
661.5
661.6
661.63
661.69
661.7
661.8
661.9
662
663
663.2
663.3
663.4
664
664.1
664.2
664.3
664.4
665
665.1
665.2
665.4
665.72
667
667.1
667.2
667.3
668
669.1
669.9
680
680.1
680.2
680.3
680.4
680.5
680.6
680.7
680.8
680.9
681
681.1
682
682.1
690
690.1
690.2
690.5
690.7
690.97
690.99
691
691.1
691.5
691.6
691.7
691.8
691.9
692
693
693.2
693.3
693.5
693.6
694
694.1
694.5
694.8
695
695.1
695.3
695.4
695.5
695.6
695.8
695.9
696
696.1
696.2
696.3
696.4
696.5
696.7
696.9
697
697.1
697.2
697.3
697.5
698
698.1
698.2
698.3
698.4
698.6
698.9
699
699.48
699.5
699.55
699.57
699.6
699.7
699.81
699.82
699.83
699.84
699.85
699.86
699.88
700
700.1
700.2
700.5
701
702
702.001
702.01
702.09
703.1
703.9
704.001
704.002
704.004
704.005
704.006
704.007
704.008
704.101
704.102
704.103
704.104
704.105
704.106
704.107
704.108
704.109
704.111
704.1111
704.1112
704.112
704.1121
704.1122
704.1123
704.113
704.1131
704.115
704.116
704.1161
704.117
704.118
704.119
704.121
704.1211
704.1212
704.201
704.202
704.209
705
711
712
712.5
712.6
713
713.1
713.2
713.3
714.1
714.5
720
720.1
720.2
720.3
720.4
720.5
721
723
724
725
726
727
727.1
727.2
727.29
727.3
727.4
727.5
727.7
727.802
727.804
727.805
727.806
727.808
727.809
727.81
727.811
727.812
727.813
727.814
727.815
727.816
727.817
727.818
727.819
727.82
727.821
727.822
727.823
727.824
727.825
727.826
727.827
727.829
727.831
727.832
727.833
728
728.113
728.44
728.441
728.45
728.46
728.506
728.904
729
730
731
731.5
731.7
740
740.1
740.5
741
741.1
741.2
741.3
741.4
741.5
741.6
741.7
741.8
741.9
741.93
741.95
741.97
741.99
742
742.1
742.13
742.14
742.4
742.5
742.6
743
743.1
743.2
743.3
743.4
743.5
743.6
743.91
743.92
745.1
745.2
745.3
745.4
745.5
745.55
745.6
748
748.2
748.25
748.3
757
757.001
757.01
757.011
757.014
757.02
757.03
757.04
757.05
757.06
757.1
757.11
757.12
757.13
757.14
757.2
757.21
757.3
757.31
757.32
757.33
757.4
757.41
770
771
771.1
771.2
771.3
771.4
771.5
771.6
771.7
771.8
771.9
772
773
774
776
776.1
776.2
776.3
776.4
776.5
776.999
777
778
779.001
779.002
779.003
779.004
779.005
779.1
779.11
779.2
779.3
779.4
779.5
779.9
783
783.9
785
785.1
785.2
785.5
786
787.5
789.5
790
790.01
790.02
790.03
790.04
790.05
790.07
790.08
790.1
790.2
790.3
790.31
790.32
790.4
790.403
790.404
790.405
790.5
790.51
790.6
790.71
790.72
798
798.1
798.2
798.3
798.4
798.6
798.7
798.8
798.9
799.1
799.2
799.31
799.33
799.34
799.4
799.49
799.51
799.53
799.6
800
801
801.41
801.42
801.43
801.45
801.5
801.55
801.9
801.95
802.4
810.1
810.2
810.3
810.4
810.5
810.7
810.8
810.9
811.1
811.2
811.3
811.4
811.5
811.6
811.7
811.8
811.9
812
815
839.01
839.7
860.1
860.2
860.3
860.4
860.5
860.6
860.7
860.8
860.9
861
863
863.1
863.2
863.3
863.4
863.5
863.6
863.7
863.8
863.9
864
864.1
869.1
869.2
869.3
870
910
910.1
910.2
910.7
910.8
911
911.2
912
912.3
912.4
912.5
912.7
912.8
912.9
913
914
915
916
950
984.1
984.5
984.8
984.9
987.5
987.6
990.8
991.1
991.11
991.8
995
995.1
995.2
2005
2005.001
2005.02
2005.021
2005.03
2005.1
2005.2
2005.4
2005.41
2005.71
2005.81
2005.82
2005.83
2005.84
2005.85
2005.86
2005.87
2005.872
2005.88
2005.99
2006.03
2006.031
2006.033
2006.034
2006.035
2006.036
2006.04
2006.041
2006.1
2006.15
2006.17
2006.18
2006.19
2006.5
2006.51
2006.511
2006.52
2006.53
2006.531
2006.532
2006.539
2006.54
2006.55
2006.56
2006.563
2006.564
2006.5641
2006.565
2006.57
2006.571
2006.5711
2006.5712
2006.5713
2006.5714
2006.5715
2006.5719
2006.572
2006.573
2006.5732
2006.5733
2006.574
2006.575
2006.5751
2006.5752
2006.5757
2006.5758
2006.5759
2006.5761
2006.5762
2006.5763
2006.5764
2006.577
2006.58
2006.581
2006.582
2006.5821
2006.583
2006.5831
2006.5839
2006.584
2006.5841
2006.5842
2006.5843
2006.5849
2006.585
2006.586
2006.587
2006.588
2006.59
2006.5906
2006.596
2006.598
2006.599
2006.621
2006.623
2006.63
2006.631
2006.634
2006.65
2006.67
2006.671
2006.672
2006.68
2006.69
2006.8
2006.81
2006.82
2006.95
2006.96
2006.961
2040
2041
2041.5
2041.6
2041.7
2042
2042.5
2043
2043.5
2044
2048
2048.1
2100
2100.1
2101.1
2101.2
2101.3
2101.4
2101.5
2101.6
2101.7
2260
2261
2261.1
2261.2
2261.21
2261.22
2261.24
2261.3
2261.4
2261.5
2261.6
2261.7
2261.8
2261.9
2262
2262.1
2262.2
2262.3
2262.4
2262.5
2262.6
2262.7
2262.8
2263
2263.1
2263.2
2263.3
2263.5
2263.6
2263.7
2263.8
2264
2275.3
2275.4
6000
6001
6002.01
6002.03
6002.04
6003
6005
6007
6009
6910
6910.1
6910.2
6910.3
6910.9
6911
6912
6914
6914.1
6914.2
6914.3
6914.4
6914.6
6914.7
6914.8
6914.9
6915.1
6915.11
6915.2
6915.3
6915.4
6915.5
6915.6
6915.9
6916
6916.2
6916.3
6917
6918
6918.1
6919
6920
6920.1
6921
6922
6924
6924.1
6924.2
6924.3
6925
6925.2
6925.3
6926
6927
6928
6928.1
6928.2
6928.3
6929
7100
7100.1
7100.2
7100.3
7100.4
7100.5
7100.6
7100.7
7101
7101.1
7101.2
7101.3
7101.4
7102
7103
7103.1
7103.2
7103.3
7103.5
7104
7104.3
7105.1
7105.2
7105.3
7105.4
7105.5
7105.6
7105.7
7105.8
7105.9
7106.1
7106.2
7106.3
7106.4
7106.5
7106.6
7106.7
7106.8
7107.1
7107.2
7107.4
7107.5
7107.6
7107.7
7109
7115.1
7115.3
7115.5
7115.6
7118.11
7118.21
7118.22
7118.25
7118.29
7335.7
7336.3
7336.6
7336.8
7336.9
8925
8925.1
8925.2
8925.3
8925.4
8925.5
8925.6
8925.7
8925.8
8925.9
8925.91
8925.93
8925.94
8925.95
8925.97
8925.98
8925.99
8926
8926.1
8926.2
8926.3
8926.4
8926.5
8926.6
8926.72
8926.73
8926.74
8926.75
8926.76
8927
8927.1
8930
8930.1
8930.2
8930.3
8930.4
8930.6
8930.8
8932.1
8932.2
8935.91
8970.1
8971.1
8972.1
8972.3
8973
8973.1
8973.2
8980
8980.2
8980.22
8984.1
8984.2
8984.3
8984.4
8985.1
8987.1
8987.2
8989.2
8989.3
8989.5
8989.51
8989.518
8989.52
8991
8991.19
8991.2
8991.5
8992
8992.1
8992.2
8994
8994.1
8994.5
177100.12
177100.13
503330
503330.1
503330.2
503331
503332
503333
503334
503334.1
503335
503336
503337
503338
503338.1
503339
503339.1
503339.2
503339.3
503339.5
503339.9
503340
503340.1
503341
503342
503343
503344
503345
503346.1
503347
509850
509850.1
509850.2
509850.3
509850.4
509850.5
509850.6
509850.7
509850.8
509850.9
537000
537010
537015
537025
612418
612418.1
612418.2
612418.3
612418.4
612418.5
612418.7
791810
791810.1
791810.2
791810.3
791810.4
791810.5
791810.6
791811
791811.1
791811.2
791811.3
791811.4
791812
791813
791814
9000001
9000010
9000010.06
9000010.07
9000010.11
9000010.12
9000010.13
9000010.15
9000010.16
9000010.18
9000010.23
9000011
9002313.02
9002313.03
9002313.12
9002313.15
9002313.19
9002313.21
9002313.22
9002313.23
9002313.24
9002313.25
9002313.26
9002313.27
9002313.28
9002313.29
9002313.31
9002313.32
9002313.511
9002313.56
9002313.57
9002313.58
9002313.59
9002313.77
9002313.78
9002313.83
9002313.89
9002313.91
9002313.92
9002313.93
9002313.94
9002313.99
9009032.3
9009032.4
9009032.5
9999999.06
9999999.09
9999999.14
9999999.15
9999999.17
9999999.27
9999999.28
9999999.64
